Flow_PassoGries
3969.168696
5567.780097
7336.435362
7428.102512
7676.384155
22807.95536
19761.81758
28028.8028
14623.65932
21486.4371
21943.11449
27489.90754
27139.40271
26930.29246
28002.75565
27621.14029
27620.9858
27473.41314
27295.34841
19322.46493
20782.73884
27019.08232
26815.97652
27573.5401
33012.71585
28450.48879
26699.83681
27796.90899
27806.18174
28358.55043
28460.88377
14777.10889
10176.78918
7944.667729
7949.168986
12720.27633
12229.53662
11602.96908
12449.83449
12537.69237
7457.953623
7504.789469
10450.42609
10065.84879
9452.422995
10982.95865
16866.71585
5108.497874
5182.926763
10586.78068
14854.12048
19745.12425
30185.75237
29718.60647
8437.272657
5225.361256
32371.21217
31723.68048
30076.0486
23801.55121
19372.23729
3338.484348
1220.035652
17442.2656
7571.907536
6455.553527
4372.002512
2196.211884
3574.955072
3756.025217
1914.818068
137.6382609
0
0
0
0
0
19963.42261
28485.48792
25742.54058
28107.29024
5556.681932
1768.632271
1823.571014
4894.010531
8777.647923
7927.290821
8960.308986
17304.53488
16908.09758
22825.13971
23824.30145
35151.35894
39307.50899
34725.61884
38988.70193
41447.50464
41424.75923
42314.39836
39166.31478
41052.09121
43302.26657
41395.87961
40326.26116
42590.22087
40087.67923
7448.632271
9305.058937
3042.28744
42893.65246
35117.14763
39865.93382
40395.99005
7265.920966
10292.46715
17817.14193
38100.69681
41769.70715
41291.23585
35525.13623
31038.78628
47251.7543
45915.14686
47080.91585
47495.25237
47190.37952
47153.4458
46381.6429
47146.31749
47204.68647
46931.26986
42875.1256
42579.92522
43215.25488
45151.03498
42628.65894
44731.40396
44274.33585
44759.01517
44936.66918
47282.76628
42815.27053
43407.21043
43322.84242
42136.28087
24440.68831
17305.12889
28832.99845
45069.22589
36441.62473
39366.12618
30532.55256
21056.31169
21474.43884
31141.26715
39124.28106
36528.33208
36196.97043
36307.59353
36524.9313
36588.69961
40978.60348
41349.27005
42734.58589
43616.67478
44444.45826
44571.99082
44335.30261
43014.71816
44636.43585
44420.50502
43680.73072
30676.08638
30792.47633
30778.62473
30824.56483
30898.64628
30588.243
30247.2799
23494.25072
20462.22174
22054.20135
21806.08464
24952.83478
24543.94087
25580.31527
28883.07894
30433.28106
27203.90126
16741.97903
16554.72406
17455.89575
19409.90435
19765.19623
24222.39169
24254.10329
27800.65527
25756.26106
25548.83903
25637.66444
25836.27633
24841.80184
27615.58802
26769.44483
27210.50222
27487.47643
30192.85884
36574.16155
31123.32541
28826.24493
42757.05652
40411.72271
42323.49449
43497.73285
43248.9457
29144.12135
25248.44097
11.27062802
12.14289855
13.32386473
13.94328502
13.20251208
10.40850242
8.821642512
10.49323671
9.377874396
8.522705314
8.657874396
488.3176812
9863.698744
10232.97778
22141.94792
28241.85575
28591.27082
29094.32483
26222.69961
11972.6999
8115.38715
22829.44029
31829.22338
33138.54454
36676.98164
34454.94377
14362.3114
12449.47304
31874.09575
32233.31498
37498.88155
34370.22918
27458.99923
8544.511111
9066.47372
32876.25623
31841.40638
29090.26676
33415.67681
30778.86879
14046.35353
13086.43391
34774.04444
38169.6686
33678.25565
37068.11295
35585.41604
9036.815459
6583.841353
30054.69546
42946.0142
42314.04657
43724.96773
43008.07768
24463.98802
21168.11256
19834.96338
27470.86271
32258.56783
20769.68454
21434.19024
17442.24986
16168.50193
20429.91343
20746.18522
19771.06077
20381.72502
21327.70329
14553.27749
12130.67594
18180.27304
20388.26792
19658.84106
19238.60841
12001.13517
6800.689758
7035.710531
14747.89024
19522.82773
18746.5399
18603.56261
16590.11865
15888.01575
13234.47459
11705.08957
9687.840773
17550.80251
1862.073333
3127.675072
1861.540773
1832.424251
1617.542029
984.5399034
1027.072367
962.9837681
976.1949758
994.4403865
1383.948792
1506.861836
970.671401
423.1143961
0
0
1330.873527
1669.294203
9386.049662
10827.27845
5184.378841
1493.35343
1151.992947
0
0
1576.67343
0
1048.028696
1659.245507
11724.54986
5486.868502
5358.334396
6922.842126
4974.001449
2635.468213
8309.037005
7815.770435
5010.832174
6284.937005
6259.846184
10798.34628
29492.44406
34682.63565
30021.10918
6681.214879
6731.268116
24635.61913
29268.88744
33103.02396
21902.20097
21045.31488
11544.22338
10289.7287
6894.388502
1366.402899
730.7495652
1320.778551
1537.488213
5469.543671
5763.605411
5567.348213
3010.304251
2686.044928
15011.74493
19056.69507
5779.656618
5842.983478
19223.54164
30811.74792
26988.59565
31540.55014
32905.97382
21085.95082
20098.56145
26277.97256
26228.49517
26184.15304
26300.90551
6112.125797
6688.479517
5058.431787
25406.1085
26151.88242
30777.4713
27715.60415
34667.0515
23797.66908
24529.86705
30893.25208
31546.87952
30875.88908
30171.2085
26187.463
12705.20106
12132.97517