Flow_Tarvisio
83024.09643
90782.58019
79727.33382
67399.27671
64327.5658
53689.84841
52587.06386
43821.31729
41932.23729
41211.46077
46408.22522
50405.3086
54245.82338
53995.69787
68502.54609
62634.21469
50878.85295
54863.80686
46861.14734
43979.62667
41472.39652
44700.89382
43693.73372
52303.58444
90617.69623
57713.85546
41725.50676
38471.40986
44357.50155
50609.31411
54082.15024
69182.78039
75796.84425
77416.95758
76873.19807
91341.2344
93289.1886
93811.02454
89495.05314
88872.9143
73189.07401
70609.82058
89900.52242
98565.26087
104225.4221
114985.2516
109616.1047
74984.50609
75120.62377
106900.7836
116943.9205
117157.0396
114918.5595
116649.5085
100767.4669
101479.8796
119145.7032
119310.7531
118511.1497
114252.824
111451.3167
97970.54396
82803.62425
112398.7235
105067.4105
99596.7714
85905.27246
74047.19681
75226.73362
72093.03594
66836.43604
72503.16947
76003.57198
86373.82213
93458.62947
75569.50386
72391.74415
96904.5744
96055.94087
96364.737
93745.60676
96998.263
82031.92995
83970.69961
95044.03411
84929.19807
85561.78145
93531.26734
81315.34734
86424.84155
95454.67072
98501.10879
105927.8944
112103.6877
108009.2548
110207.887
106503.457
107094.1831
109966.1895
111269.9314
113279.6323
113836.4462
113255.4321
112836.8625
106441.4611
112214.3628
110276.1757
111060.9637
110446.799
102523.0362
103689.0745
103640.5273
103718.3338
111720.7055
109876.4596
108570.2604
103010.0071
102522.0817
101855.3457
101391.5109
96496.53749
93479.74512
96191.86116
96567.00271
96805.98415
97361.87662
102248.5439
104322.9076
106724.3989
105360.3147
104427.2644
104198.7522
104024.332
104078.2471
107000.6
104516.0463
104966.8442
103505.5195
103263.8966
100224.1945
74545.53604
74828.70763
76388.70618
75151.13894
75278.92889
95589.52686
95058.58126
100009.9523
103886.0547
103760.766
104990.7457
103733.9241
95238.917
96699.45372
99135.42831
98998.88068
98970.88415
98233.63749
98585.67324
90811.5113
91109.72696
90084.29845
90722.67478
90476.45159
88858.95159
67366.95246
67702.023
67496.95121
67972.26406
67797.66367
67565.20242
67245.78512
96466.2744
99356.78068
98434.12029
99927.68638
83474.83527
91018.75778
102653.3471
103111.119
101133.0413
101697.817
96801.10222
70601.06715
95633.37884
98629.57188
97738.36029
101030.542
94634.22396
91031.14242
89964.19237
91231.61227
91376.8258
92011.00763
99986.77101
101068.0902
101301.5392
101807.6659
103987.09
104666.7791
103899.9775
98305.96213
88529.32048
103465.3826
102613.9726
102642.6853
102997.3791
102531.1818
92028.5142
88847.05778
101855.0013
102407.2953
103332.7839
103433.1838
102584.8418
91000.46415
89670.15556
89473.33729
89251.91536
89630.89256
102892.3444
102810.8238
96428.13469
97830.88754
94286.37923
92632.54473
89856.5858
91042.97014
89296.44058
85867.34889
86790.07024
87235.02686
87723.93585
87515.06029
85952.44251
84632.07594
84949.71053
79687.56647
88285.86319
93042.3343
97385.6285
97645.08618
94913.10715
85878.79768
86580.10696
96607.05768
100200.6258
101876.7466
100986.239
96702.25671
82493.75382
79571.87488
100912.1416
102355.3591
100040.7316
103598.0492
102078.3067
89392.74251
87560.97739
104735.5576
102884.9957
104360.0246
102678.0017
95632.89845
86656.68357
85406.6885
99218.72676
32981.56792
32714.86705
32121.70377
32740.81749
32787.70618
32672.32957
33007.73034
32615.69865
32613.0829
32887.51169
31269.82348
39094.89101
43363.7028
42089.57536
42976.18889
42595.06754
42893.81923
43399.35372
42671.79256
43613.85874
37477.79217
35194.43208
42269.13729
45405.50367
46993.84841
33739.56039
33974.08618
49535.06386
45436.18222
46931.10589
49046.78087
49486.43256
43770.74667
42759.70483
49251.9058
50949.22918
56912.9201
36967.37536
40382.57275
39176.19063
38738.35913
52373.5744
49367.29536
54265.67903
52825.62744
49549.28242
34157.043
39446.40995
49451.01614
52477.95082
53250.57594
53275.99923
62364.62947
55286.77778
54055.72918
80149.63575
98370.51072
89714.09304
90039.77691
81399.04348
58833.96348
53298.56918
79626.62367
75059.6
82821.5456
83412.91575
92246.47324
70122.37121
64822.17604
85125.77343
85730.99092
85002.69266
87987.23082
85687.28502
68877.96705
69764.3601
83072.23043
90172.69585
91290.81874
90712.2086
93699.84802
95589.51314
92275.25208
98337.88029
98317.46357
98788.55217
105353.9855
92318.74425
73851.13111
70464.81604
69681.57816
66652.6401
69318.81865
81515.53314
81617.1542
66601.72792
67335.60889
72923.74512
61286.99546
73937.1542
79520.62657
98475.48783
91699.00232
68385.30338
100327.0353
101533.292
110037.3862
109768.3727
115453.7533
85262.17082
71720.01643
88005.34783
89232.283
89034.04541
90468.7256
96140.02415
78412.26357
73365.34213
100776.1399
110380.5605
113952.584
111262.6228
104491.6445
74613.2199
63554.02106
84879.87285
94652.80155
101843.7623
95119.58908
97415.58329
91146.99865
86835.84329