Flow_Mazara
67811.46348
66458.22251
67424.52454
72031.43014
71139.98879
66001.84116
63976.81208
70072.04657
72816.77884
72785.13556
72278.80889
71280.12812
71655.85092
71120.43836
71464.98754
69363.13256
69487.96068
71464.17014
72266.72618
72201.64357
70955.30222
71411.22763
72287.73275
71196.66879
36341.37043
69262.64406
69929.22947
69426.7658
70960.5714
72552.4086
71269.01565
72743.9742
72148.72976
72053.14019
72569.95556
72483.47556
72741.40638
72721.87517
71998.16947
72593.83295
71025.40203
71809.92251
70979.83324
70440.71111
70390.077
69884.78444
69848.98251
70133.81372
70537.08609
71066.23111
71451.60831
66377.98908
66423.25565
63520.89961
71497.68396
68840.63807
71484.89459
75927.74918
77249.91952
73855.47092
71392.89507
71645.81816
71794.35932
72217.88937
71687.22068
72159.3829
71592.12077
68504.00193
67736.85411
68172.34338
68804.83575
68267.74493
68621.93671
68154.17855
68098.35034
68345.17604
68224.98734
72730.34841
72067.73092
70662.24048
71927.84647
68829.03807
67759.03014
66392.04126
64992.87217
66027.9143
68435.93845
67548.80676
65633.17217
63228.47787
40142.8999
38056.37459
38688.44319
38386.54097
44041.58039
44875.92705
38485.9429
38060.22232
38528.64599
38390.35488
39015.68039
38777.14502
38523.93295
38893.31343
38874.3171
39280.61517
51113.43043
52025.45865
47473.3086
37831.60444
34981.0771
33143.52126
34082.11836
40296.90213
38778.70831
40474.25295
36009.24406
35500.13353
36173.59604
36068.41874
37762.69961
31913.04077
30703.32029
30825.99092
27805.99237
27480.06609
26293.6087
27695.71903
26651.43585
28073.78937
28221.20937
28534.89884
28298.28116
28410.21072
27478.02029
28036.2457
28192.79043
28269.40097
27923.6401
27977.99488
35372.66618
36738.15807
36293.57343
35955.60734
35747.1399
28808.79043
27602.61092
30858.69942
28010.04271
35125.91836
35791.29411
37974.4801
33073.40232
30365.93903
38457.07691
37647.3887
37259.73188
38204.3115
37465.12763
31630.33333
28363.03507
37926.51942
37981.13198
37709.59005
37754.88879
38229.98048
38537.77739
38676.64812
38315.55527
36563.15053
37305.51961
36889.73652
36483.90155
27158.17478
26643.74696
35265.09565
38057.58106
37215.50039
37902.80213
37978.10821
31510.65072
25771.39121
42578.22097
50720.62048
38751.60831
42372.94
41596.53092
33737.97333
30106.92686
37449.94444
41113.31362
40834.80309
37783.82213
35711.43391
34730.99681
33681.36464
38030.19517
37155.40879
35960.15179
36523.53671
36925.08058
34012.25362
31114.48638
36584.5856
36687.33787
37486.9058
37407.26928
35955.68174
32413.14899
27567.1172
37600.19488
38186.55246
29272.35517
28331.60242
28319.92232
28143.96551
28561.26986
28501.62338
28595.82676
25650.61169
24403.69169
27954.22271
26347.21527
26404.23865
26762.90792
28588.14831
28294.32019
28281.42039
28452.42502
27436.77411
27547.16638
28588.64676
28080.04899
29082.78734
29226.30522
28816.51072
26890.89034
26773.56058
27236.36986
27125.85768
27323.17469
27256.06097
28113.05903
28893.97507
25328.81043
0
27031.51333
26908.39478
30796.14415
26548.15807
29301.89498
27173.37913
27491.12386
27910.28097
27401.71208
27343.60937
29016.04512
31464.11121
29471.37005
30029.48763
30309.29594
30605.04821
29841.78986
29804.59275
31514.25198
29393.92889
31853.6858
48402.15488
50067.15382
49587.76609
48445.56889
48768.90348
48836.75237
55234.10618
55732.56522
57691.98029
55510.46029
55732.24271
54623.37082
54550.35333
55545.32155
55133.60164
54494.99536
55145.54676
55559.88213
55552.40821
55438.44512
55702.23024
54032.38628
55228.40473
55269.95188
54884.94879
54371.15778
54753.13256
55296.71072
55051.69382
54936.9456
55595.42899
54655.83826
54652.95043
54433.30232
55108.75816
53619.38116
55365.72039
55537.40058
55456.33961
54274.81478
54495.35952
54516.09585
47764.22203
47366.18251
48796.58879
56693.8544
43913.62976
36759.6256
46668.02879
55228.19391
55888.43845
55206.2087
54874.63343
55125.12213
55950.6287
59618.87981
60313.28145
57011.91459
59107.11961
55676.20473
53946.28609
48087.66126
54744.85314
54520.50116
54401.00831
52526.4171
53767.10696
53562.20126
53549.58493
54293.50628
56963.96116
56187.57546
55734.71971
54223.3428
46238.01179
47642.30145
52982.92609
54552.19778
55797.19169
55873.94
58839.73662
55720.29237
55578.53014
55786.84473
59878.04338
59486.87546
55671.78502
55481.49729
54994.27942
53619.27266
51533.56792
50815.78106
51428.8542
54703.44396
54376.10106
53628.31449
52944.43942
53009.46415
53061.0314
57391.72019
54512.98222
57232.01836
51993.39836
52911.65633
61224.47691
61700.27932
62581.12444
62365.29227
62507.71469
55853.47614
54008.13275
55668.67865
53314.96512
53560.82242
52515.69836
56049.96715
58961.01623
56698.92106
61990.46705
53140.47295
60724.36657
61413.20174
57518.28744
56048.52841
55760.28271
55640.61411
57542.6629
57795.77749
57169.2285
57327.47208
43144.11575
41206.34667